1.779704400000000000e+07
1.793910200000000000e+07
1.599066600000000000e+07
1.520365100000000000e+07
1.447298100000000000e+07
1.504052000000000000e+07
1.498153400000000000e+07
1.314279500000000000e+07
1.270056300000000000e+07
1.292536100000000000e+07
1.366737100000000000e+07
1.473556600000000000e+07
1.564684600000000000e+07
1.696658900000000000e+07
1.828708500000000000e+07
1.957323300000000000e+07
2.061443700000000000e+07
2.141094300000000000e+07
2.189979700000000000e+07
2.212608200000000000e+07
2.269673300000000000e+07
2.291986100000000000e+07
2.225184800000000000e+07
2.034434400000000000e+07
1.779570600000000000e+07
1.620803500000000000e+07
1.600939700000000000e+07
1.634537600000000000e+07
1.562669300000000000e+07
1.473640100000000000e+07
1.372619100000000000e+07
1.334864800000000000e+07
1.327468000000000000e+07
1.365105700000000000e+07
1.424805000000000000e+07
1.517145700000000000e+07
1.602636400000000000e+07
1.737836900000000000e+07
1.869035600000000000e+07
1.946318700000000000e+07
1.989350000000000000e+07
2.032593600000000000e+07
2.036883700000000000e+07
2.018973200000000000e+07
2.085986500000000000e+07
2.166761000000000000e+07
2.171258600000000000e+07
1.888513300000000000e+07
1.643295300000000000e+07
1.497323200000000000e+07
1.495670700000000000e+07
1.470858600000000000e+07
1.457964300000000000e+07
1.404314100000000000e+07
1.336553100000000000e+07
1.302699600000000000e+07
1.310229100000000000e+07
1.355281900000000000e+07
1.410389900000000000e+07
1.479187600000000000e+07
1.573479000000000000e+07
1.712666600000000000e+07
1.841638100000000000e+07
1.915409200000000000e+07
1.936234900000000000e+07
1.946524800000000000e+07
1.962377800000000000e+07
1.953072400000000000e+07
2.022845900000000000e+07
2.081755300000000000e+07
2.033698800000000000e+07
1.872388400000000000e+07
1.554625700000000000e+07
1.462769400000000000e+07
1.462206700000000000e+07
1.477899300000000000e+07
1.454074800000000000e+07
1.377480700000000000e+07
1.311919700000000000e+07
1.285446800000000000e+07
1.305014000000000000e+07
1.339983900000000000e+07
1.394732500000000000e+07
1.467098100000000000e+07
1.572435000000000000e+07
1.712628300000000000e+07
1.852538400000000000e+07
1.922731200000000000e+07
1.953791500000000000e+07
1.968062500000000000e+07
1.969467800000000000e+07
1.967628300000000000e+07
2.021404400000000000e+07
2.108544200000000000e+07
2.067577200000000000e+07
1.866713900000000000e+07
1.626999200000000000e+07
1.496024000000000000e+07
1.459457200000000000e+07
1.464332800000000000e+07
1.458761900000000000e+07
1.358128900000000000e+07
1.283063200000000000e+07
1.269550800000000000e+07
1.287696700000000000e+07
1.342394100000000000e+07
1.402784900000000000e+07
1.483957700000000000e+07
1.588139600000000000e+07
1.716404100000000000e+07
1.837847200000000000e+07
1.934273500000000000e+07
1.959548000000000000e+07
1.974643500000000000e+07
1.982012500000000000e+07
1.986415900000000000e+07
2.047224400000000000e+07
2.132113300000000000e+07
2.112489600000000000e+07
1.937890300000000000e+07
1.691758400000000000e+07
1.531425900000000000e+07
1.472139100000000000e+07
1.473095800000000000e+07
1.464225600000000000e+07
1.406865000000000000e+07
1.345475000000000000e+07
1.291589700000000000e+07
1.304973200000000000e+07
1.366610700000000000e+07
1.447563800000000000e+07
1.514115500000000000e+07
1.599614700000000000e+07
1.736269000000000000e+07
1.873125500000000000e+07
1.989910200000000000e+07
2.051985300000000000e+07
2.116740500000000000e+07
2.144739900000000000e+07
2.138305400000000000e+07
2.214593600000000000e+07
2.273794500000000000e+07
2.251685600000000000e+07
2.097420200000000000e+07
1.837881300000000000e+07
1.659779400000000000e+07
1.589247500000000000e+07
1.576761500000000000e+07
1.542721500000000000e+07
1.492186700000000000e+07
1.419290700000000000e+07
1.356796500000000000e+07
1.379768200000000000e+07
1.458637200000000000e+07
1.559586300000000000e+07
1.646414800000000000e+07
1.758072200000000000e+07
1.892889300000000000e+07
2.031803100000000000e+07
2.141246800000000000e+07
2.212227700000000000e+07
2.246784800000000000e+07
2.265447600000000000e+07
2.259840600000000000e+07
2.317390400000000000e+07
2.319157700000000000e+07
2.237008700000000000e+07
1.995285800000000000e+07
1.717430400000000000e+07
1.605648100000000000e+07
1.646599500000000000e+07
1.673877200000000000e+07
1.634496800000000000e+07
1.523704000000000000e+07
1.435655700000000000e+07
1.397759000000000000e+07
1.408929100000000000e+07
1.425714900000000000e+07
1.462128000000000000e+07
1.540202700000000000e+07
1.640962500000000000e+07
1.784457400000000000e+07
1.913929500000000000e+07
1.982963500000000000e+07
1.990794600000000000e+07
2.061310500000000000e+07
2.071520700000000000e+07
2.059902500000000000e+07
2.111561700000000000e+07
2.136754400000000000e+07
2.059131100000000000e+07
1.809792100000000000e+07
1.525786200000000000e+07
1.441571900000000000e+07
1.456466700000000000e+07
1.465818700000000000e+07
1.518092900000000000e+07
1.489245200000000000e+07
1.389449300000000000e+07
1.387039900000000000e+07
1.431976400000000000e+07
1.469119500000000000e+07
1.533741700000000000e+07
1.605779700000000000e+07
1.721836400000000000e+07
1.874082500000000000e+07
2.003286500000000000e+07
2.070254500000000000e+07
2.067333400000000000e+07
2.062959300000000000e+07
2.062843400000000000e+07
2.064409400000000000e+07
2.106070000000000000e+07
2.136732800000000000e+07
2.055674700000000000e+07
1.817081200000000000e+07
1.556177600000000000e+07
1.466172300000000000e+07
1.484374900000000000e+07
1.517826200000000000e+07
1.516232800000000000e+07
1.448852500000000000e+07
1.386386300000000000e+07
1.383311500000000000e+07
1.414348800000000000e+07
1.450389300000000000e+07
1.494862700000000000e+07
1.558420900000000000e+07
1.656283200000000000e+07
1.798710500000000000e+07
1.940060900000000000e+07
2.013622300000000000e+07
2.010210300000000000e+07
2.015547700000000000e+07
2.022621100000000000e+07
2.015844400000000000e+07
2.091337800000000000e+07
2.094242000000000000e+07
1.998250100000000000e+07
1.779137400000000000e+07
1.511347100000000000e+07
1.403583500000000000e+07
1.427164600000000000e+07
1.464444900000000000e+07
1.460973000000000000e+07
1.398069900000000000e+07
1.350649000000000000e+07
1.355415700000000000e+07
1.393176500000000000e+07
1.436617500000000000e+07
1.478444400000000000e+07
1.542337800000000000e+07
1.635934300000000000e+07
1.787763200000000000e+07
1.934153000000000000e+07
2.001570200000000000e+07
2.002404700000000000e+07
2.017004300000000000e+07
2.049788800000000000e+07
2.064372400000000000e+07
2.115210000000000000e+07
2.115430400000000000e+07
2.009219400000000000e+07
1.786582700000000000e+07
1.561447700000000000e+07
1.441747100000000000e+07
1.429436000000000000e+07
1.461428600000000000e+07
1.472754100000000000e+07
1.389832000000000000e+07
1.367436900000000000e+07
1.377309200000000000e+07
1.413797000000000000e+07
1.457053300000000000e+07
1.499788100000000000e+07
1.545873500000000000e+07
1.641782300000000000e+07
1.785440500000000000e+07
1.930501900000000000e+07
2.008175600000000000e+07
1.994715600000000000e+07
2.002796600000000000e+07
2.010877900000000000e+07
2.014516000000000000e+07
2.069383800000000000e+07
2.094513400000000000e+07
2.024299100000000000e+07
1.843274100000000000e+07
1.616839200000000000e+07
1.478481700000000000e+07
1.438804300000000000e+07
1.469008200000000000e+07
1.460623900000000000e+07
1.421002400000000000e+07
1.368540500000000000e+07
1.331172600000000000e+07
1.352630700000000000e+07
1.416734800000000000e+07
1.498187700000000000e+07
1.561216900000000000e+07
1.672801700000000000e+07
1.836861500000000000e+07
1.966044900000000000e+07
2.063791800000000000e+07
2.115469300000000000e+07
2.143934700000000000e+07
2.163207600000000000e+07
2.165578900000000000e+07
2.268977600000000000e+07
2.307941000000000000e+07
2.272831200000000000e+07
2.084141100000000000e+07
1.817207500000000000e+07
1.653912100000000000e+07
1.578834300000000000e+07
1.584367500000000000e+07
1.557389700000000000e+07
1.502591200000000000e+07
1.426119100000000000e+07
1.377365700000000000e+07
1.409178400000000000e+07
1.502090900000000000e+07
1.593349600000000000e+07
1.682289300000000000e+07
1.783839900000000000e+07
1.929300000000000000e+07
2.115272600000000000e+07
2.236434900000000000e+07
2.289139900000000000e+07
2.316148000000000000e+07
2.358277200000000000e+07
2.377820700000000000e+07
2.444034400000000000e+07
2.441617100000000000e+07
2.308697200000000000e+07
2.039116000000000000e+07
1.702101000000000000e+07
1.612538200000000000e+07
1.681884900000000000e+07
1.666917300000000000e+07
1.643652500000000000e+07
1.562807500000000000e+07
1.479419000000000000e+07
1.482218200000000000e+07
1.508755000000000000e+07
1.535269400000000000e+07
1.566945700000000000e+07
1.625284200000000000e+07
1.718060000000000000e+07
1.835292300000000000e+07
1.973987300000000000e+07
1.884682300000000000e+07
2.080810500000000000e+07
2.093009700000000000e+07
2.107074400000000000e+07
2.113079300000000000e+07
2.180400000000000000e+07
2.197800400000000000e+07
2.102473800000000000e+07
1.852777600000000000e+07
1.596164300000000000e+07
1.505489500000000000e+07
1.584013200000000000e+07
1.588827500000000000e+07
1.650441400000000000e+07
1.518033100000000000e+07
1.443770000000000000e+07
1.427610600000000000e+07
1.467070800000000000e+07
1.498502900000000000e+07
1.536287600000000000e+07
1.600456500000000000e+07
1.692104200000000000e+07
1.833270300000000000e+07
1.971600700000000000e+07
2.059948900000000000e+07
2.062263600000000000e+07
2.056179300000000000e+07
2.057226600000000000e+07
2.063223200000000000e+07
2.116819100000000000e+07
2.127921400000000000e+07
2.042424900000000000e+07
1.793328200000000000e+07
1.551795800000000000e+07
1.458540700000000000e+07
1.480129600000000000e+07
1.499832500000000000e+07
1.506545100000000000e+07
1.430301500000000000e+07
1.376987200000000000e+07
1.377503400000000000e+07
1.406082600000000000e+07
1.448996000000000000e+07
1.503811900000000000e+07
1.580152000000000000e+07
1.660183000000000000e+07
1.802606400000000000e+07
1.932688700000000000e+07
2.011404400000000000e+07
2.010258100000000000e+07
2.009792300000000000e+07
1.996843500000000000e+07
2.012911200000000000e+07
2.046855800000000000e+07
2.067911500000000000e+07
1.948543800000000000e+07
1.722987800000000000e+07
1.486069700000000000e+07
1.408382800000000000e+07
1.437756700000000000e+07
1.478847500000000000e+07
1.474708500000000000e+07
1.396403200000000000e+07
1.359134200000000000e+07
1.377550500000000000e+07
1.399758700000000000e+07
1.449968400000000000e+07
1.492958700000000000e+07
1.568552600000000000e+07
1.660678300000000000e+07
1.795113700000000000e+07
1.946248200000000000e+07
2.037599300000000000e+07
2.047925100000000000e+07
1.996193900000000000e+07
2.020815100000000000e+07
1.989192700000000000e+07
2.034991400000000000e+07
2.083215100000000000e+07
1.976152200000000000e+07
1.651064400000000000e+07
1.497173800000000000e+07
1.376277200000000000e+07
1.386673300000000000e+07
1.432165600000000000e+07
1.443421200000000000e+07
1.357136800000000000e+07
1.318953500000000000e+07
1.330814600000000000e+07
1.347374900000000000e+07
1.415376400000000000e+07
1.458917900000000000e+07
1.511428600000000000e+07
1.590865700000000000e+07
1.730447600000000000e+07
1.858578500000000000e+07
1.965452800000000000e+07
1.967783200000000000e+07
1.963219300000000000e+07
1.959056700000000000e+07
1.959622900000000000e+07
2.020919400000000000e+07
2.054442800000000000e+07
1.993733500000000000e+07
1.816522000000000000e+07
1.583706600000000000e+07
1.433395800000000000e+07
1.416412500000000000e+07
1.422708400000000000e+07
1.417167100000000000e+07
1.387914700000000000e+07
1.334408800000000000e+07
1.313270200000000000e+07
1.347121900000000000e+07
1.402079100000000000e+07
1.458606700000000000e+07
1.522987000000000000e+07
1.594538700000000000e+07
1.725496100000000000e+07
1.870193000000000000e+07
1.985962700000000000e+07
2.045355200000000000e+07
2.093002800000000000e+07
2.109542600000000000e+07
2.110892200000000000e+07
2.195978200000000000e+07
2.241083200000000000e+07
2.208657300000000000e+07
1.996262200000000000e+07
1.756300300000000000e+07
1.634699000000000000e+07
1.551136300000000000e+07
1.556092100000000000e+07
1.544813500000000000e+07
1.492993300000000000e+07
1.417527900000000000e+07
1.354013500000000000e+07
1.395169100000000000e+07
1.477239100000000000e+07
1.575737600000000000e+07
1.635204300000000000e+07
1.724494000000000000e+07
1.878079700000000000e+07
2.038940000000000000e+07
2.155384900000000000e+07
2.229870700000000000e+07
2.267972300000000000e+07
2.290135200000000000e+07
2.287720400000000000e+07
2.356778800000000000e+07
2.366614800000000000e+07
2.240671000000000000e+07
1.992540900000000000e+07
1.704375700000000000e+07
1.580973700000000000e+07
1.558555300000000000e+07
1.563236400000000000e+07
1.543942300000000000e+07
1.443131300000000000e+07
1.392460400000000000e+07
1.401702700000000000e+07
1.448245200000000000e+07
1.478630700000000000e+07
1.517999400000000000e+07
1.579796300000000000e+07
1.666103200000000000e+07
1.788794600000000000e+07
1.919250300000000000e+07
2.007708100000000000e+07
2.016551900000000000e+07
2.030160000000000000e+07
2.039108800000000000e+07
2.053746800000000000e+07
2.139866500000000000e+07
2.138217600000000000e+07
2.044028900000000000e+07
1.752287900000000000e+07
1.294028700000000000e+07
1.415364900000000000e+07
1.418838400000000000e+07
1.465798500000000000e+07
1.459218300000000000e+07
1.388254400000000000e+07
1.341204500000000000e+07
1.349245600000000000e+07
1.388458400000000000e+07
1.425430900000000000e+07
1.469871500000000000e+07
1.534266100000000000e+07
1.651050800000000000e+07
1.792830200000000000e+07
1.950238200000000000e+07
2.066920400000000000e+07
2.053328400000000000e+07
2.043163800000000000e+07
2.062269900000000000e+07
2.057300600000000000e+07
2.104353400000000000e+07
2.096978100000000000e+07
2.004351100000000000e+07
1.763758900000000000e+07
1.515340600000000000e+07
1.413272400000000000e+07
1.443550900000000000e+07
1.465499700000000000e+07
1.450199000000000000e+07
1.389132400000000000e+07
1.345175100000000000e+07
1.355439700000000000e+07
1.391489300000000000e+07
1.433116300000000000e+07
1.476002200000000000e+07
1.530255200000000000e+07
1.627699900000000000e+07
1.778203000000000000e+07
1.920657800000000000e+07
1.864064700000000000e+07
1.990957100000000000e+07
1.982609400000000000e+07
1.982914100000000000e+07
1.991891700000000000e+07
2.034390000000000000e+07
2.066087100000000000e+07
1.965727900000000000e+07
1.731805200000000000e+07
1.494134300000000000e+07
1.412081200000000000e+07
1.412393100000000000e+07
1.455799200000000000e+07
1.455346100000000000e+07
1.374370900000000000e+07
1.336282300000000000e+07
1.349500000000000000e+07
1.379937800000000000e+07
1.431828700000000000e+07
1.467358500000000000e+07
1.531383300000000000e+07
1.616600900000000000e+07
1.774443300000000000e+07
1.917614200000000000e+07
1.964510500000000000e+07
1.964884600000000000e+07
1.973783100000000000e+07
2.000890800000000000e+07
1.975957400000000000e+07
2.034015400000000000e+07
2.029785900000000000e+07
1.936472900000000000e+07
1.760165700000000000e+07
1.515883600000000000e+07
1.414841400000000000e+07
1.445065400000000000e+07
1.453805100000000000e+07
1.473711700000000000e+07
1.317370800000000000e+07
1.371142700000000000e+07
1.382491600000000000e+07
1.467012000000000000e+07
1.472407500000000000e+07
1.497558400000000000e+07
1.563463400000000000e+07
1.655307100000000000e+07
1.793312100000000000e+07
1.917554400000000000e+07
1.968705100000000000e+07
1.965010200000000000e+07
1.959257400000000000e+07
1.942039900000000000e+07
1.903084500000000000e+07
1.992330100000000000e+07
1.989594100000000000e+07
1.867089300000000000e+07
1.756598300000000000e+07
1.563975400000000000e+07
1.410648300000000000e+07
1.383005800000000000e+07
1.410868800000000000e+07
1.416949000000000000e+07
1.379346200000000000e+07
1.329318100000000000e+07
1.310921100000000000e+07
1.332139000000000000e+07
1.405041900000000000e+07
1.469393800000000000e+07
1.527758300000000000e+07
1.596285000000000000e+07
1.730922100000000000e+07
1.863314300000000000e+07
1.977188500000000000e+07
2.027091300000000000e+07
2.074396000000000000e+07
2.100953600000000000e+07
2.092829300000000000e+07
2.163480400000000000e+07
2.222618200000000000e+07
2.174476400000000000e+07
1.981229100000000000e+07
1.733524700000000000e+07
1.573192200000000000e+07
1.538775500000000000e+07
1.562511300000000000e+07
1.558544400000000000e+07
1.518211900000000000e+07
1.434575700000000000e+07
1.390223200000000000e+07
1.422996000000000000e+07
1.539816300000000000e+07
1.621438200000000000e+07
1.685545800000000000e+07
1.781170600000000000e+07
2.011080600000000000e+07
2.089767600000000000e+07
2.176974100000000000e+07
2.247469000000000000e+07
2.300792400000000000e+07
2.326758600000000000e+07
2.378463700000000000e+07
2.410801200000000000e+07
2.401355800000000000e+07
2.303568600000000000e+07
2.005239100000000000e+07
1.815733900000000000e+07
1.652766800000000000e+07
1.612823400000000000e+07
1.608635200000000000e+07
1.607351500000000000e+07
1.463612700000000000e+07
1.405232800000000000e+07
1.398780800000000000e+07
1.425875400000000000e+07
1.463933100000000000e+07
1.542030300000000000e+07
1.619676300000000000e+07
1.693782500000000000e+07
1.863528300000000000e+07
1.998532900000000000e+07
2.072327400000000000e+07
2.088480100000000000e+07
2.073082400000000000e+07
2.074962600000000000e+07
2.054403900000000000e+07
2.096834400000000000e+07
2.158708000000000000e+07
2.007920600000000000e+07
1.770305500000000000e+07
1.512740700000000000e+07
1.415893100000000000e+07
1.431181400000000000e+07
1.475000100000000000e+07
1.480968600000000000e+07
1.389073900000000000e+07
1.353104200000000000e+07
1.350490400000000000e+07
1.389874200000000000e+07
1.437337400000000000e+07
1.477885500000000000e+07
1.533802500000000000e+07
1.635488700000000000e+07
1.777808300000000000e+07
1.919310100000000000e+07
2.008023800000000000e+07
1.995561800000000000e+07
1.994443200000000000e+07
1.993375400000000000e+07
1.997894800000000000e+07
2.054732900000000000e+07
2.043991000000000000e+07
1.974724200000000000e+07
1.746422800000000000e+07
1.516949800000000000e+07
1.419592100000000000e+07
1.437675700000000000e+07
1.452309400000000000e+07
1.455643400000000000e+07
1.387514700000000000e+07
1.331687500000000000e+07
1.337565800000000000e+07
1.372811000000000000e+07
1.411072400000000000e+07
1.449270800000000000e+07
1.505563100000000000e+07
1.597550000000000000e+07
1.745911500000000000e+07
1.883560900000000000e+07
1.964953700000000000e+07
1.969188300000000000e+07
1.973079100000000000e+07
1.959085300000000000e+07
1.951186100000000000e+07
1.991279700000000000e+07
1.999561300000000000e+07
1.907582400000000000e+07
1.704960500000000000e+07
